2 0.7328170734375 0.2678810921875 0.8200121953125 0.2925945421875 0.925760975 0.2698577 0.9591536578125 0.184847953125 0.9269975609375001 0.125044834375 0.8163024390625001 0.0978615984375 0.6876731703125001 0.1378947375 0.6845804875 0.173974659375 0.6845804875 0.212526315625 0.7328170734375 0.2678810921875
2 0.659224390625 0.615830409375 0.7086975609375 0.6405438593749999 0.772395121875 0.6682202734375 0.8342365859375 0.67019688125 0.9171024390625 0.6514171546874999 0.9313268296875 0.6148421046875 0.927614634375 0.5491072124999999 0.8966951218749999 0.5085789468749999 0.8546439031249999 0.49029239843749994 0.801460975 0.47991228125 0.701895121875 0.5001773875 0.651185365625 0.5461423 0.6382 0.5822222218750001 0.659224390625 0.615830409375
3 0.66479024375 0.53526900625 0.6579878046875 0.5584990249999999 0.643765853125 0.5832105265624999 0.6579878046875 0.60298050625 0.6821073171875 0.6173138406249999 0.7031317078125 0.6163255359375001 0.7130268296875 0.60298050625 0.717975609375 0.569865496875 0.709934146875 0.5496023390625 0.7086975609375 0.5248888890625001 0.697565853125 0.51994736875 0.6802512187499999 0.5219239765625 0.66479024375 0.53526900625
3 0.7167365859375 0.5856822609375001 0.721685365625 0.6123703703125 0.7278682921875 0.6178070171875001 0.7600268296875 0.601992203125 0.7705390249999999 0.585187134375 0.7847634140624999 0.56887719375 0.791565853125 0.5496023390625 0.7773414640625 0.52933723125 0.76682926875 0.5184639375 0.7563170734375 0.500670565625 0.7476585359375 0.48683235937499997 0.729724390625 0.4888089671875 0.7136463421875 0.49671734843750004 0.7086975609375 0.5080857703125 0.7192121953124999 0.5224191031250001 0.7155 0.5411988296875 0.7167365859375 0.5594873296875 0.7167365859375 0.5856822609375001
3 0.7829073171875 0.5298323593750001 0.7705390249999999 0.539222221875 0.7928024390624999 0.5481189078125001 0.791565853125 0.5570155953125 0.8169195125 0.57530214375 0.8472219515624999 0.57826900625 0.8404195124999999 0.5491072124999999 0.8317609750000001 0.531313840625 0.818156096875 0.5204405453125001 0.8119731703124999 0.5026491234375 0.7890926828125 0.496222221875 0.7742487812500001 0.49918908437500004 0.772395121875 0.5125341125 0.7829073171875 0.5298323593750001
3 0.7829073171875 0.6444970765625 0.8212487812499999 0.6706920078125 0.864539025 0.6657504875 0.8719585359375 0.656358675 0.8447487812500001 0.635600390625 0.8373268296875 0.6163255359375001 0.8243414640625 0.6069337234375001 0.818156096875 0.6024853796875 0.79032926875 0.588152046875 0.7513682921875 0.5995204671875001 0.7600268296875 0.6227504875000001 0.7829073171875 0.6444970765625
3 0.841656096875 0.568384015625 0.8564975609375001 0.586670565625 0.8843268296875 0.5911189078125 0.8874195125 0.5703606234375 0.8830902437500001 0.5471306046875 0.9115365859375 0.525384015625 0.8830902437500001 0.5308206625 0.8701024390625 0.5189590640625 0.8626829265625 0.5051189078125 0.8379463421875 0.505614034375 0.8354731703124999 0.5194522421875 0.83670975625 0.5402105265625 0.841656096875 0.568384015625
3 0.9362731703125 0.5886471734375001 0.9208121953124999 0.5703606234375 0.9096829265625 0.569865496875 0.8966951218749999 0.5921072125 0.8979317078125 0.6360955171875 0.912156096875 0.6519103312500001 0.9344170734375 0.6291754390625 0.9362731703125 0.5886471734375001
3 0.8917487812499999 0.6153372312500001 0.8701024390625 0.5916120859375 0.84412926875 0.577278753125 0.817539025 0.5762904484375 0.8163024390625001 0.5896354781250001 0.8261975609375 0.6024853796875 0.8534073171875001 0.6405438593749999 0.873195121875 0.6593235875000001 0.888656096875 0.6494385968749999 0.8917487812499999 0.6153372312500001
3 0.694475609375 0.211042884375 0.7167365859375 0.2382261203125 0.78229024375 0.2441578953125 0.7563170734375 0.2056062375 0.730343903125 0.1655731 0.7093170734375 0.1566764125 0.6969487812499999 0.1784230015625 0.694475609375 0.211042884375
3 0.7618829265625 0.1922612078125 0.798985365625 0.189296296875 0.8008414640625 0.1601364515625 0.7730121953125 0.1413547765625 0.754460975 0.11812475625 0.729724390625 0.130974659375 0.7284878046875 0.1492631578125 0.740856096875 0.17002144218749998 0.7618829265625 0.1922612078125
3 0.7829073171875 0.1655731 0.8156829265625 0.18138791406250002 0.8577341468749999 0.17990643281250002 0.84412926875 0.14876803125 0.7971317078125 0.115653021875 0.78167073125 0.1215847953125 0.768065853125 0.1383898640625 0.7829073171875 0.1655731
3 0.79032926875 0.2332846 0.8095000000000001 0.2733177390625 0.8466048781250001 0.28369785625 0.87505121875 0.2762846 0.8515512187500001 0.23773294374999998 0.8261975609375 0.1981929828125 0.818156096875 0.1902846 0.79032926875 0.2021461984375 0.79032926875 0.2332846
3 0.869485365625 0.196216375 0.8595902437499999 0.21301949375 0.8880365859375001 0.25799610156249997 0.9183390250000001 0.25601949375 0.9325634140625001 0.23229629687500003 0.9412219515625001 0.1749629625 0.927614634375 0.1467914234375 0.90659024375 0.1621130609375 0.892985365625 0.1784230015625 0.869485365625 0.196216375
3 0.8478414640624999 0.1749629625 0.8663926828124999 0.1883079921875 0.9053536578125 0.1729863546875 0.892365853125 0.14481481406250002 0.8639195125000001 0.115653021875 0.8373268296875 0.12454970781250001 0.830524390625 0.1413547765625 0.8478414640624999 0.1749629625