2 0.4972460734375 0.1951423 0.5875863875 0.1912495125 0.68315445 0.19625341093749998 0.7413900531250001 0.20348148125 0.8160523562499999 0.1945867453125 0.8533821984375001 0.176795321875 0.8451701578125 0.1345419109375 0.8115706812499999 0.1134152046875 0.7451230359375 0.118419103125 0.6376099468749999 0.118419103125 0.5450287953124999 0.1211988296875 0.4651413609375 0.122867446875 0.38077486875 0.1295380109375 0.30909947656250003 0.1262027296875 0.2583298421875 0.1150838203125 0.1844136125 0.114528265625 0.1187120421875 0.12898245625 0.0828743453125 0.1406569203125 0.0597303671875 0.1712358671875 0.058235601562499996 0.192918128125 0.07167539218749999 0.21460039062499997 0.229958115625 0.1940292390625 0.340458115625 0.19680896718750002 0.42109162343750006 0.20515009687500002 0.4972460734375 0.1951423
2 0.5136727750000001 0.533721246875 0.5980392671875 0.5270506828125 0.6824083765625 0.5226023390625001 0.748109946875 0.5053664718750001 0.7413900531250001 0.4625594546875 0.700327225 0.43587329375 0.610732984375 0.42030604218749995 0.534575915625 0.4325360625 0.4763403140625 0.4336491234375 0.4248246078125 0.43642885 0.3300052359375 0.44643664687499995 0.26952879531249996 0.45588693906250005 0.2187591625 0.45255165625 0.163507853125 0.43698440468750005 0.12095287968749999 0.4542183234375 0.12393717343749999 0.4775692 0.131403140625 0.5142631578125 0.1552958109375 0.5292729046875 0.19412041875 0.534832359375 0.2867015703125 0.5403937625 0.3546413609375 0.5403937625 0.44722251249999995 0.538725146875 0.5136727750000001 0.533721246875
2 0.09855235625 0.7099610140625 0.06943455468750001 0.7055126703125 0.026130890624999997 0.7249707609375 0.0149319375 0.7494346984375 0.0164267015625 0.795578946875 0.0470366484375 0.833384015625 0.1090052359375 0.8656296296875 0.22025130937499998 0.8806393765625 0.3359764390625 0.8784171546874999 0.401680628125 0.850617934375 0.4136256546875 0.7883508765625 0.3830130890625 0.7410935671875001 0.3016335078125 0.7077368421875 0.18142670156250001 0.6977290453125 0.1455890046875 0.6993976609375 0.1187120421875 0.6938382062499999 0.09855235625 0.7099610140625
3 0.3365314140625 0.15669200781249998 0.3261832453125 0.178670565625 0.3265654453125 0.204072125 0.3714109953125 0.197222221875 0.3859764390625 0.13557115 0.367578534375 0.1244405453125 0.3472643984375 0.1330038984375 0.3365314140625 0.15669200781249998
3 0.3836753921875 0.1361423 0.37946073281250003 0.15412475625 0.3729450265625 0.1723898640625 0.3721780109375 0.197222221875 0.38406020937499996 0.20607017500000002 0.41970680624999995 0.19864912343750002 0.423921465625 0.15669200781249998 0.415489528125 0.1238693953125 0.4151073296875 0.1238693953125 0.39670680625 0.1255828453125 0.3836753921875 0.1361423
3 0.495981675 0.1989337234375 0.50594764375 0.18694736875 0.51284555 0.1701072125 0.505180628125 0.15412475625 0.5082460734375001 0.1395672515625 0.49751308906249997 0.1255828453125 0.4902303671875 0.1233001953125 0.47796596874999997 0.1292923984375 0.4699162296875 0.13528655 0.46646596875 0.1669668609375 0.45228534062500003 0.18694736875 0.44730366562499996 0.19779337187499998 0.495981675 0.1989337234375
3 0.5139947640625 0.1304346984375 0.5116963343750001 0.1407095515625 0.505180628125 0.160403509375 0.5086282718749999 0.178670565625 0.5212774875 0.1661111109375 0.5170628265625 0.1840916171875 0.5653560203125 0.1920838203125 0.5661230359375 0.178670565625 0.5530916234375 0.1661111109375 0.5484921468749999 0.142421053125 0.5458089 0.12729434687500002 0.5415916234375 0.126725146875 0.525109946875 0.125867446875 0.5139947640625 0.1304346984375
3 0.5783900531249999 0.19237037031249998 0.5906544499999999 0.1926549703125 0.6136518328125 0.193510721875 0.6293664921875 0.1843781671875 0.6270680625 0.1732475640625 0.6358821984375 0.1641130609375 0.644698953125 0.160403509375 0.6439319375 0.1501286546875 0.6224685859375 0.14898635468750002 0.6213167546875 0.1298635484375 0.604835078125 0.1250116953125 0.5929528796875 0.1250116953125 0.5803062828125001 0.1392826515625 0.5887382203125 0.1569785578125 0.593337696875 0.1695360625 0.5803062828125001 0.178955165625 0.5783900531249999 0.19237037031249998
3 0.12303664843749999 0.1395672515625 0.1092382203125 0.13443080000000002 0.088924084375 0.1427076015625 0.0824083765625 0.1592612078125 0.0693769640625 0.1703918125 0.0835575921875 0.1820955171875 0.0697591625 0.19922027343749998 0.0985052359375 0.203500975 0.1184371734375 0.194937621875 0.1184371734375 0.176957115625 0.1360680625 0.160688109375 0.13108638749999998 0.1589766078125 0.11575392656250001 0.15241130625 0.12303664843749999 0.1395672515625
3 0.7305549734375 0.20235867500000002 0.747421465625 0.18751851875 0.7416701578125 0.1723898640625 0.7570026171875 0.162686159375 0.7570026171875 0.1492729046875 0.7389895281250001 0.1487017546875 0.7328560203125 0.1292923984375 0.7179083765625001 0.11930409374999999 0.6956753921875001 0.11930409374999999 0.6834109953125 0.1358577 0.6872434562499999 0.1318615984375 0.6983586390625 0.1581189078125 0.69184293125 0.1826647171875 0.7014267015625 0.1989337234375 0.7305549734375 0.20235867500000002
3 0.8160314140624999 0.193510721875 0.8259947640625 0.1826647171875 0.8279136125000001 0.1746744640625 0.8409450265625 0.176957115625 0.840560209375 0.1592612078125 0.8286780109375 0.1475594546875 0.82292931875 0.13100584843750002 0.8164136125000001 0.1215867453125 0.8029973828125 0.11759064374999999 0.7911151828125 0.1233001953125 0.7911151828125 0.13528655 0.7796178015625 0.15840545781249998 0.77003403125 0.176957115625 0.7773167546875001 0.18780311875 0.8160314140624999 0.193510721875
3 0.2127277484375 0.1641130609375 0.2226937171875 0.15440935625000002 0.2196256546875 0.1338596484375 0.21464397968750001 0.11873294375000001 0.19394502656249998 0.11930409374999999 0.183214659375 0.1215867453125 0.1720994765625 0.1501286546875 0.156 0.1729610140625 0.1904973828125 0.177812865625 0.2127277484375 0.1641130609375
3 0.24415706875 0.1230136453125 0.23840837656249997 0.1404249515625 0.23610732968749998 0.16125925937500002 0.2395575921875 0.178955165625 0.2625549734375 0.1823801171875 0.26907068125 0.1701072125 0.2775052359375 0.1506998046875 0.279421465625 0.129578946875 0.27213874374999997 0.127009746875 0.257955496875 0.11701949375000001 0.24415706875 0.1230136453125
3 0.2809528796875 0.13557115 0.277887434375 0.1484152046875 0.2748219890625 0.16354191093749998 0.2656230359375 0.178955165625 0.2640890046875 0.1920838203125 0.276353403125 0.195508771875 0.2997356015625 0.1843781671875 0.3074005234375 0.16725341093749999 0.3189005234375 0.15212670625 0.30854973750000003 0.1233001953125 0.304335078125 0.1241559453125 0.292835078125 0.1241559453125 0.2809528796875 0.13557115
3 0.1414345546875 0.45866081875000003 0.14603403125 0.470364521875 0.13262041875 0.4797816765625 0.13108638749999998 0.48805847968749994 0.146801046875 0.49348148125 0.1437356015625 0.501189084375 0.14603403125 0.517742690625 0.166732984375 0.518027290625 0.1755471203125 0.52915984375 0.19356282656249998 0.520311890625 0.20122774843750002 0.500902534375 0.20736125625000001 0.483777778125 0.2031439796875 0.4637992203125 0.18244764375 0.4637992203125 0.176698953125 0.4458187140625 0.15753403125 0.4421072125 0.1475680625 0.44667446406250005 0.1414345546875 0.45866081875000003
3 0.24377486875 0.47835477656250003 0.269455496875 0.48777387968749997 0.283636125 0.5086101359375 0.30510209375 0.5174580890625 0.329248690625 0.52659064375 0.3372984296875 0.520596490625 0.3487958109375 0.5043274859375 0.34956282656250004 0.4886296296875 0.33844764375 0.47835477656250003 0.31698429375 0.47122027343750006 0.3024188484375 0.46065886875000006 0.2617879578125 0.4543801171875 0.2525890046875 0.46037426875 0.236492146875 0.46950682187500004 0.24377486875 0.47835477656250003
3 0.33269895312500003 0.4646549703125 0.33001570625 0.476643275 0.339214659375 0.483493178125 0.3445811515625 0.49519493125 0.339214659375 0.5086101359375 0.33269895312500003 0.5245925921875 0.3480287953125 0.52544834375 0.36834555 0.5106062375 0.3767774875 0.4971929828125 0.36949476406250004 0.477214425 0.36949476406250004 0.4646549703125 0.3622120421875 0.44724561406249996 0.33614659687500004 0.4432495125 0.3342303671875 0.44467641249999995 0.33039790625 0.4481013640625 0.33269895312500003 0.4646549703125
3 0.3921073296875 0.48120857656249993 0.3886596859375 0.49861988281249997 0.37332722500000004 0.5128908375 0.37486125625 0.52487719375 0.39402617812499996 0.519169590625 0.41702356093750004 0.52773294375 0.4315863875 0.5171715406249999 0.4220052359375 0.5046140343750001 0.4235392671875 0.486918128125 0.4277539265625 0.47122027343750006 0.423921465625 0.452953215625 0.41970680624999995 0.44296296249999995 0.406672775 0.43982456093750005 0.3928743453125 0.4452475640625 0.3955575921875 0.46636842031250003 0.37946073281250003 0.475216375 0.37524345625 0.485491228125 0.3921073296875 0.48120857656249993
3 0.45803403125 0.49833528281249995 0.457267015625 0.5143177390625 0.43925392656250006 0.5268752437499999 0.44576963281250004 0.536865496875 0.463785340625 0.54314425 0.48026701562499996 0.5388635484375001 0.49099738281249994 0.52744639375 0.48754712031249997 0.5137465890625 0.48754712031249997 0.49861988281249997 0.5044136124999999 0.49491033125 0.488698953125 0.4820662765625 0.487164921875 0.470364521875 0.487164921875 0.45980311875 0.50287958125 0.4486725140625 0.495596859375 0.43554385937499995 0.4775837703125 0.4395380109375 0.4545863875 0.452097465625 0.4542015703125 0.46636842031250003 0.45803403125 0.4817797265625 0.45803403125 0.49833528281249995
3 0.498664921875 0.4903430796875 0.5093952875000001 0.49633723124999996 0.5254947640625 0.4872027296875 0.5270287953125 0.5043274859375 0.5193612562500001 0.521167640625 0.5327774875 0.5245925921875 0.5530916234375 0.52487719375 0.5661230359375 0.5126042890625 0.571489528125 0.49319688125 0.563439790625 0.4803528265625 0.5561570687499999 0.468651071875 0.555390053125 0.45894736875 0.5404424078125001 0.45038401562499997 0.517827225 0.448385965625 0.5147617796875 0.46237232031250003 0.5212774875 0.4729317734375 0.5162958109375 0.47807017500000004 0.5024973828125 0.4803528265625 0.498664921875 0.4903430796875
3 0.696060209375 0.5106062375 0.7198246078125 0.5074678359375 0.7363062828125 0.49205458125 0.72863874375 0.47007797343749996 0.709473821875 0.4543801171875 0.686094240625 0.43383040937499995 0.664630890625 0.434401559375 0.652363875 0.4389688109375 0.6642460734375 0.45580701718750005 0.6730628265624999 0.4746452234375 0.6623298421875 0.49947563281249996 0.6673115187499999 0.5128908375 0.696060209375 0.5106062375
3 0.596403140625 0.5220233921874999 0.6236178015625 0.5268752437499999 0.6366492140625 0.5183138406250001 0.6389502625000001 0.5054697859374999 0.6485314140625 0.49291228125000003 0.6485314140625 0.48120857656249993 0.641630890625 0.470364521875 0.628217278125 0.46237232031250003 0.616335078125 0.45409551718749996 0.6029188484375 0.44182261250000004 0.5895052359374999 0.44182261250000004 0.579921465625 0.44496101406250005 0.5768560203125 0.4492436640625 0.5795392671874999 0.46065886875000006 0.5803062828125001 0.47635672500000004 0.5764712046875 0.49633723124999996 0.58107068125 0.5094658875 0.596403140625 0.5220233921874999