2 0.0722538859375 0.0934132546875 0.08736269375 0.1339415203125 0.1267746109375 0.1344346984375 0.191803109375 0.1260331390625 0.30938082968749997 0.1270214421875 0.4065958546875 0.1270214421875 0.49987046562500004 0.11762962968749999 0.55833160625 0.12899805 0.6509481859374999 0.1354230015625 0.734370465625 0.13591812812499998 0.8026839375 0.1428362578125 0.8637720203124999 0.1116998046875 0.8191062171875 0.03212670625 0.7435673578124999 0.0355847953125 0.6726243515625 0.0553547765625 0.623360103125 0.057333332812500006 0.567528496875 0.0316315796875 0.4919896375 0.0212534109375 0.4322150265625 0.0370682265625 0.3501062171875 0.0370682265625 0.24829274687499997 0.041516568749999996 0.122834196875 0.028171540625 0.08145077656250001 0.0365750484375 0.076196890625 0.0672183234375 0.0722538859375 0.0934132546875
3 0.15633160625 0.0978615984375 0.1596165796875 0.07512475625000001 0.15436269375 0.0657348921875 0.168155440625 0.0454697859375 0.1537046625 0.036079921875 0.1280880828125 0.0479415203125 0.11035233124999999 0.0326198828125 0.091303109375 0.0355847953125 0.08473575156249999 0.0523898640625 0.091303109375 0.068206628125 0.091303109375 0.115653021875 0.10312694375 0.141847953125 0.158303109375 0.11713645156250001 0.15633160625 0.0978615984375
3 0.18129274687500002 0.0716666671875 0.18786269375 0.0879766078125 0.1957435234375 0.098849903125 0.189176165625 0.11071150156250001 0.19443005156249998 0.1260331390625 0.2075673578125 0.13591812812499998 0.2305569953125 0.129493178125 0.24435233125 0.10972319687500001 0.25683160625 0.09143469843749999 0.24960621718749998 0.0771033140625 0.24829274687499997 0.0602982453125 0.2279300515625 0.044481481249999996 0.199686528125 0.0454697859375 0.1858911921875 0.053873293749999995 0.179979275 0.062274853124999995 0.18129274687500002 0.0716666671875
3 0.2719404140625 0.1013196875 0.2627435234375 0.11713645156250001 0.291645078125 0.12306822656250001 0.3159507765625 0.1215847953125 0.3402538859375 0.0953898640625 0.3409119171875 0.079079921875 0.333028496875 0.059803118749999995 0.3212046625 0.022241715625 0.2975569953125 0.039044834375 0.29033160625 0.0657348921875 0.2732538859375 0.0795731 0.26537305624999996 0.08748148125 0.2719404140625 0.1013196875
3 0.379665803125 0.069688109375 0.377038859375 0.09192982499999999 0.3606165796875 0.1191130609375 0.38886269375000004 0.12454970781250001 0.423676165625 0.11762962968749999 0.42761657968750005 0.09143469843749999 0.44797927499999995 0.100331384375 0.4427253890625 0.0771033140625 0.423676165625 0.0632631578125 0.4092253890625 0.048436646875 0.3875466328125 0.041516568749999996 0.3750673578125 0.043 0.37112694375 0.057333332812500006 0.379665803125 0.069688109375
3 0.456518134375 0.08748148125 0.4512642484375 0.110216375 0.4644015546875 0.11614814843750002 0.500528496875 0.11318323593749999 0.513665803125 0.100331384375 0.513665803125 0.08451656874999999 0.5097227984375 0.0617816765625 0.5176062171875 0.041516568749999996 0.514979275 0.0296549703125 0.4972435234375 0.0247115015625 0.47228238281249996 0.0370682265625 0.45717616562499996 0.057333332812500006 0.4644015546875 0.061286549999999995 0.466370465625 0.07215984375 0.456518134375 0.08748148125
3 0.5655569953125 0.1398713453125 0.5924896375 0.1329512671875 0.5924896375 0.10873489218750002 0.5859196890625 0.0810565296875 0.5649015546875 0.060791423437500006 0.546507771875 0.0602982453125 0.53862694375 0.0884697859375 0.5379689125 0.10972319687500001 0.54585233125 0.129493178125 0.5655569953125 0.1398713453125
3 0.6082538859375 0.10280311875 0.6082538859375 0.126526315625 0.6299300515625 0.13641130625 0.6686839375 0.13591812812499998 0.6765673578125 0.1146647171875 0.6713108812499999 0.094401559375 0.6562046625 0.0771033140625 0.6227046625 0.069688109375 0.6220466328125 0.0825399609375 0.6135077718749999 0.09044639374999999 0.6082538859375 0.10280311875
3 0.7882331609375 0.1023079921875 0.7783808296875 0.0726549703125 0.7665569953125 0.0504132546875 0.749479275 0.0400331390625 0.72583160625 0.039044834375 0.717292746875 0.057333332812500006 0.7225466328125 0.0785847953125 0.7199196890625 0.09044639374999999 0.750134715625 0.11713645156250001 0.7842927468750001 0.138883040625 0.79283160625 0.13048148125 0.7882331609375 0.1023079921875
3 0.7862616578125 0.0978615984375 0.79283160625 0.1146647171875 0.8092538859375 0.12108966875 0.8328989640625 0.10477972656250001 0.8420958546874999 0.08550487343749999 0.8394689124999999 0.060791423437500006 0.8171347156250001 0.052884990624999996 0.7961165796875 0.0296549703125 0.7783808296875 0.027678362499999998 0.7744378234375 0.0454697859375 0.7875751296875 0.06919493125000001 0.7882331609375 0.0761130609375 0.794145078125 0.08599805 0.7862616578125 0.0978615984375
3 0.102471503125 0.5061072125 0.135313471875 0.4982007796875 0.14056735781250002 0.4675575046875 0.1418808296875 0.443832359375 0.13925388593750002 0.415167640625 0.122834196875 0.40281091562500004 0.10509844531250001 0.399846003125 0.088018134375 0.41220077968749996 0.0827642484375 0.440867446875 0.0610880828125 0.47200584843750004 0.065028496875 0.49177582812500004 0.102471503125 0.5061072125
3 0.04335233125 0.663278753125 0.05386269375 0.6790935671875 0.057147668750000005 0.695403509375 0.08145077656250001 0.7122085765625 0.1274300515625 0.703311890625 0.11363730624999999 0.6781052625 0.10049999999999999 0.646473684375 0.102471503125 0.6163255359375001 0.0702849734375 0.6153372312500001 0.065686528125 0.6271988296875 0.051891192187500004 0.6509220265625 0.04335233125 0.663278753125
3 0.7310854921875001 0.6504288500000001 0.7685284968749999 0.6405438593749999 0.7626165796875 0.655865496875 0.7429093265625 0.67958869375 0.7678704656249999 0.697382065625 0.79283160625 0.6835419109374999 0.81253626875 0.66723196875 0.8092538859375 0.6420253406249999 0.8204196890625 0.6222553609375 0.81253626875 0.5995204671875001 0.7902046625 0.595072125 0.7626165796875 0.612865496875 0.7560466328125 0.62126705625 0.734370465625 0.631152046875 0.7310854921875001 0.6504288500000001
3 0.6647435234375 0.45816569218750003 0.679849740625 0.48683235937499997 0.7205751296875 0.494740740625 0.7435673578124999 0.47002729062500004 0.7435673578124999 0.43394736875 0.7330569953125 0.40330409375 0.7094093265625 0.3914424953125 0.6890466328125 0.4018226125 0.66145855 0.4265341125 0.6647435234375 0.45816569218750003
3 0.026274610937499998 0.4754639375 0.0440103625 0.49226900625000003 0.07422538906250001 0.4705224171875 0.0729119171875 0.44630409374999996 0.067655440625 0.43493762187499996 0.088018134375 0.41961598437500003 0.08933419687500001 0.40132748593749995 0.049264248437500005 0.3830409359375 0.030873056250000003 0.390454190625 0.0183911921875 0.44333918125 0.026274610937499998 0.4754639375
3 0.76195855 0.4774424953125 0.7691839375 0.5080857703125 0.780349740625 0.5140155953125001 0.8342124359374999 0.4695341125 0.82895855 0.4299941515625 0.790860103125 0.41022417187500004 0.7737823828125 0.425545809375 0.7672124359375 0.4423508765625 0.76195855 0.4774424953125