2 0.6233969078125 0.8211091625 0.708211340625 0.8114873296875 0.7774793812499999 0.8162982453125001 0.80999226875 0.7975886937500001 0.8114046390625 0.7489415203124999 0.7979768046875 0.7361130609375001 0.8191804125000001 0.7051072125 0.801510309375 0.6666179343749999 0.7774793812499999 0.62812670625 0.7301237109375001 0.617436646875 0.70043814375 0.624920078125 0.6764072171875 0.66180506875 0.686301546875 0.6853274859375 0.6912499999999999 0.6960194937499999 0.6891288656250001 0.7147290453124999 0.615621134375 0.7206101359375 0.5739201031250001 0.7574951265625 0.57250773125 0.7868966859375 0.6233969078125 0.8211091625
2 0.40852835 0.41483235937499996 0.41064948437500004 0.44583625781249997 0.45023195937500005 0.46989278749999996 0.505360825 0.474169590625 0.5421134015625 0.46989278749999996 0.5265644328125 0.43674853750000003 0.494051546875 0.40574463906249997 0.52161855625 0.3875672515625 0.5018273203125 0.3667192984375 0.4693144328125 0.356563353125 0.4714355671875 0.28867056562500004 0.4820360828125 0.22719493124999998 0.48345103125 0.18336062343749998 0.49546649531250003 0.146473684375 0.4841572171875 0.1160038984375 0.46224742343749997 0.09569005781249999 0.4403350515625 0.0860662765625 0.4184252578125 0.09034307968750001 0.40923711406249996 0.11279532187500001 0.382378865625 0.21971150156250002 0.375309278125 0.2966900578125 0.39580670156250003 0.35228655 0.40852835 0.41483235937499996
3 0.607139175 0.7542884984375 0.580280928125 0.7665828453125 0.594417525 0.7778089671874999 0.589469071875 0.783153996875 0.586641753125 0.8045380109375 0.6064329890625 0.800795321875 0.6163273203124999 0.8248518515625 0.6396520625 0.82271345 0.6587371140625 0.809883040625 0.6530824749999999 0.785828459375 0.669337628125 0.7874308 0.673579896875 0.767116959375 0.6544948453125 0.7542884984375 0.6523762890625 0.7366471734375 0.640358246875 0.7238167640625 0.6233969078125 0.7275594546875 0.6120876281250001 0.7393196875 0.607139175 0.7542884984375
3 0.672871134375 0.7794132546875 0.6813530921875001 0.7943801171875 0.701850515625 0.8146939578125 0.7386056703125 0.8061423 0.73224226875 0.784224171875 0.730829896875 0.7740662765625 0.754860825 0.760167640625 0.7280025765625 0.7532183234375001 0.7230541234375 0.7489415203124999 0.7230541234375 0.725421053125 0.692662371875 0.725421053125 0.6891288656250001 0.7441306046875 0.6778195874999999 0.7558908375 0.672871134375 0.7794132546875
3 0.7428453609375001 0.64683820625 0.743551546875 0.6275925921875001 0.715280928125 0.6265243671875 0.692662371875 0.6473723203125 0.6742860828125 0.6639434703125 0.69336855625 0.683189084375 0.701850515625 0.6992261203125001 0.7131597937499999 0.709918128125 0.73931185625 0.7051072125 0.7477938140625 0.684257309375 0.7421391749999999 0.6687563359375 0.7428453609375001 0.64683820625
3 0.75768814375 0.683189084375 0.7513273203125 0.6992261203125001 0.7774793812499999 0.7195399609375001 0.7965618562500001 0.7104522421875 0.8022164953124999 0.6992261203125001 0.80575 0.675705653125 0.7873737109375 0.6543216375 0.772530928125 0.6356120859375001 0.754860825 0.642027290625 0.749912371875 0.6650136453125 0.75768814375 0.683189084375
3 0.7428453609375001 0.743596490625 0.7492061859375 0.771927875 0.767582475 0.793846003125 0.7909072171875 0.8066764125000001 0.8022164953124999 0.77994736875 0.8036288656250001 0.7607017546875 0.786667525 0.7457348921875 0.7873737109375 0.7323703703125 0.766170103125 0.7216783625 0.752739690625 0.7200740734375 0.737190721875 0.7329044828125 0.7428453609375001 0.743596490625
3 0.5986572171875 0.500364521875 0.590177834375 0.48111890781250005 0.5710927828125001 0.4720311890625 0.5555438140625 0.48111890781250005 0.554128865625 0.490206628125 0.5392860828125 0.5388538015625 0.5633195875 0.554356725 0.5986572171875 0.5399220265625 0.5986572171875 0.500364521875
3 0.407822165625 0.38703313906250003 0.4269072171875 0.41108966875 0.4297345359375 0.42819688125 0.4141829890625 0.45011306093750003 0.43326804062499996 0.4629434703125 0.44952319531249996 0.4372846 0.4671932984375 0.44423391875 0.496878865625 0.4640116953125 0.5315128859375 0.4682884984375 0.5237371140625 0.44583625781249997 0.5088943296874999 0.43407602343749996 0.48698453593749996 0.4078810921875 0.48769072187500007 0.398259259375 0.5060670109375 0.3859649125 0.481329896875 0.37634113125 0.4466958765625 0.37741130625 0.42407989687500003 0.365651071875 0.41206443281249994 0.3677894734375 0.407822165625 0.38703313906250003
3 0.43256185625 0.155027290625 0.443162371875 0.1689259265625 0.45729896875 0.18442885 0.47709020625000004 0.1732027296875 0.4820360828125 0.155561403125 0.48345103125 0.12669395781249998 0.4565927828125 0.1160038984375 0.45305670156250005 0.0999649125 0.430440721875 0.0940857703125 0.4163041234375 0.1026393765625 0.4155979375 0.121348928125 0.417719071875 0.1224171546875 0.40923711406249996 0.14273294375 0.395100515625 0.1657192984375 0.39580670156250003 0.1748070171875 0.43256185625 0.155027290625
3 0.40923711406249996 0.24483625781249999 0.403582475 0.2710311890625 0.42619845312500004 0.2630116953125 0.4565927828125 0.2833255359375 0.47002061875 0.27904873281250003 0.47426288593750004 0.2587348921875 0.4516443296875 0.2368167640625 0.43609536093749995 0.22559064375000001 0.4141829890625 0.22666081875000002 0.40923711406249996 0.24483625781249999
3 0.4537654640625 0.188171540625 0.4445773203125 0.16251072187499999 0.430440721875 0.1576998046875 0.419837628125 0.18068615937500002 0.42549226874999996 0.197259259375 0.41206443281249994 0.2191773875 0.3922731953125 0.22291812812499998 0.3965128859375 0.2293333328125 0.43962886562500003 0.22024561406249998 0.45305670156250005 0.23253996093749998 0.47496907187500004 0.20955360625 0.4537654640625 0.188171540625
3 0.45800515468749997 0.3576315796875 0.46436597968750004 0.33250682187499997 0.4558840203125 0.3191423 0.43609536093749995 0.31005458125 0.42266494843749997 0.301500975 0.41489175312500004 0.28599805 0.4049948453125 0.2908089671875 0.3837912375 0.315399609375 0.3965128859375 0.3490779734375 0.4283195875 0.36725341093749997 0.45800515468749997 0.3576315796875
3 0.4565927828125 0.298828459375 0.4488170109375 0.2753060421875 0.430440721875 0.2667543859375 0.40994329843750005 0.2742378171875 0.41347680468750003 0.290274853125 0.42478608281249997 0.30791617968749996 0.448110825 0.31112280625 0.4565927828125 0.298828459375