2 0.5117156859375 0.5993547765625 0.5160808828125 0.61428655 0.50167156875 0.6313021437499999 0.498178921875 0.6507485375 0.513897059375 0.6674152046875 0.506039215625 0.6837368421875001 0.49424999999999997 0.711169590625 0.4881372546875 0.7379083828125 0.5003627453124999 0.75908966875 0.5798259796874999 0.76915984375 0.661475490625 0.77159064375 0.7239117640625 0.7733274859375 0.8042475484375 0.782009746875 0.8819656859375 0.779578946875 0.9313039218749999 0.7445048734374999 0.9400367640624999 0.692070175 0.9365441171875 0.646580896875 0.9256274515625 0.58233918125 0.8955 0.5687972703125 0.8518406859375001 0.5715750484375001 0.761460784375 0.57608966875 0.6540514703125 0.575046784375 0.5335465687500001 0.5719220265625 0.521757353125 0.5729629625 0.5073480390625 0.5844230015625 0.5117156859375 0.5993547765625
3 0.506475490625 0.6750565296875 0.504727940625 0.6896393765625 0.5038553921875 0.7129064328125 0.498617646875 0.721239765625 0.494686275 0.7344346984375 0.49294117656249997 0.7538810921875 0.506475490625 0.76534113125 0.5309264703125 0.7712436640625 0.5549411765625 0.7601325531249999 0.5523210781250001 0.7424230015625 0.551446078125 0.7215867453125 0.54751715625 0.7035302140625 0.5466446078125 0.6795692 0.5335465687500001 0.6681111109375 0.521321078125 0.6670682265625001 0.506475490625 0.6750565296875
3 0.54751715625 0.68269590625 0.544024509375 0.6872085765625 0.5457720593750001 0.6938070171875 0.552757353125 0.7059610140625 0.54882843125 0.7132534109375 0.5470808828125 0.7222826515625 0.5523210781250001 0.73026900625 0.5505735296875 0.737214425 0.5462083328125 0.7472846 0.5431519609375 0.759436646875 0.55625 0.76534113125 0.57938970625 0.766382065625 0.6003480390625 0.7511033140625 0.5994754906249999 0.727491228125 0.59598284375 0.7149902531250001 0.5855024515625 0.7014463937500001 0.57895343125 0.682346978125 0.5715318625 0.6684580890625 0.5676029406249999 0.6740136453125001 0.5606151953125 0.6747076015625 0.54751715625 0.68269590625
3 0.616938725 0.68269590625 0.6121372546875 0.6788752437500001 0.6068970593749999 0.6781812859375 0.598600490625 0.6788752437500001 0.5920514703124999 0.6896393765625 0.5929264703125 0.694847953125 0.5972916671874999 0.7059610140625 0.6077696078125 0.7129064328125 0.60951715625 0.7160311890625 0.6038406859375 0.7195029234375 0.606024509375 0.7299220265625 0.6125735296875 0.7344346984375 0.60995343125 0.739296296875 0.6073333328125 0.7514502921874999 0.6012205875000001 0.7632573093749999 0.6051519609375 0.7684658875 0.6252352937500001 0.7684658875 0.6475024515625 0.76291033125 0.6549264703125 0.7507563359375 0.6557990203124999 0.7410331390625 0.6475024515625 0.7354775828125 0.6448823531250001 0.71776803125 0.6527426468749999 0.726795321875 0.6640931375 0.7320038984374999 0.6706446078125 0.723670565625 0.6619117640625001 0.705614034375 0.645318628125 0.7000584796875 0.6405171562499999 0.6851267062499999 0.6282916671875001 0.685473684375 0.62567156875 0.6851267062499999 0.616938725 0.68269590625
3 0.6627843140625 0.7208927875 0.6610367640625 0.739296296875 0.6575441171875 0.7646471734375 0.6636568625 0.7660350874999999 0.6859240203125 0.7632573093749999 0.7003333328125 0.7511033140625 0.7020808828125 0.743116959375 0.708193628125 0.7240175437499999 0.7016421562499999 0.7118635484375 0.6850514703125 0.7028362578125 0.676318628125 0.6903352828125 0.6662769609375 0.681653021875 0.652306371875 0.68894541875 0.6527426468749999 0.697974659375 0.65667156875 0.7066549703125 0.6601642156249999 0.7149902531250001 0.6627843140625 0.7208927875
3 0.5510098046875 0.5941461984374999 0.525686275 0.5809512671875 0.5121519609375 0.6007446390625 0.521321078125 0.6156764124999999 0.5051666671875 0.6313021437499999 0.5038553921875 0.646580896875 0.52525 0.659081871875 0.5414044125 0.6486647171875 0.5549411765625 0.6319961015625 0.551446078125 0.61428655 0.5510098046875 0.5941461984374999
3 0.5518848046875 0.630955165625 0.5427156859375 0.6476218328125001 0.544460784375 0.6587348921875 0.5693480390625 0.6649844046875 0.5855024515625 0.6483177390625 0.590742646875 0.627134503125 0.5872499999999999 0.6090779734375 0.5872499999999999 0.5872007796875 0.5614901953125 0.5802553609375 0.5518848046875 0.5840760234375 0.5457720593750001 0.605257309375 0.5518848046875 0.630955165625
3 0.5872499999999999 0.5927563359375 0.5994754906249999 0.6108148140625 0.5889950984375 0.6122027296875 0.5889950984375 0.627134503125 0.6051519609375 0.6226198828125 0.597727940625 0.6406783625 0.5898700984375 0.6583879140625 0.6130098046875 0.6674152046875 0.6357132359375 0.656651071875 0.637460784375 0.6292183234375 0.646193628125 0.6219259265625 0.6597279406250001 0.604563353125 0.6466299015625 0.5910214421875 0.6326568625 0.605257309375 0.6243627453125 0.5892845999999999 0.6173774515625 0.5774775828125 0.6121372546875 0.5781734890625 0.5964191171875 0.58233918125 0.5872499999999999 0.5927563359375
3 0.6579803921875 0.6767914234375 0.6819950984375 0.6809590640625001 0.7020808828125 0.6750565296875 0.7086299015625 0.6677641328125 0.709938725 0.656651071875 0.714306371875 0.6458869390624999 0.7164877453125 0.6260935671875 0.7055735296875 0.618454190625 0.6972769609375 0.60873099375 0.6916004906250001 0.5951871343749999 0.6798112749999999 0.5872007796875 0.6662769609375 0.585812865625 0.6536151953125 0.5903255359374999 0.651431371875 0.613939571875 0.6505588234374999 0.6323430796875 0.647938725 0.6639434703125 0.6579803921875 0.6767914234375
3 0.7243480390625 0.637204678125 0.7195441171875 0.644150096875 0.7182352937500001 0.6531793375 0.738318628125 0.6639434703125 0.7623333328124999 0.6583879140625 0.773686275 0.6420662765625 0.7832916671875 0.624009746875 0.7763039218750001 0.613939571875 0.7584044125 0.6063001953125 0.7553480390625 0.6010916171875 0.741811275 0.5830350875 0.7230367640625001 0.585812865625 0.7134313718749999 0.59866081875 0.722164215625 0.6132456140625 0.7177990203125 0.6205380109374999 0.7121225484375 0.6285243671875 0.7243480390625 0.637204678125
3 0.7749950984375 0.6649844046875 0.803375 0.6684580890625 0.82651470625 0.6594288500000001 0.8361200984374999 0.6424132546875 0.8356838234374999 0.6347738796875 0.8391764703125 0.620884990625 0.8217132359375 0.6063001953125 0.8086151953125 0.5979668609375001 0.8094877453124999 0.5830350875 0.792460784375 0.576436646875 0.775867646875 0.576436646875 0.7715024515625 0.5896315796875 0.773686275 0.5931052625000001 0.792460784375 0.6135925921875 0.7915857843749999 0.630955165625 0.78110784375 0.653526315625 0.7749950984375 0.6649844046875
3 0.8369950984375001 0.6587348921875 0.8588259796875001 0.662902534375 0.8745441171874999 0.6608187140624999 0.88807843125 0.64380311875 0.8937549015625 0.630955165625 0.8911348046875001 0.6146335281249999 0.8745441171874999 0.6031754390625 0.861007353125 0.5875477578125 0.8514019609375 0.5740058484375 0.8426715687499999 0.5719220265625 0.8278259796875 0.5875477578125 0.8369950984375001 0.60873099375 0.8391764703125 0.627830409375 0.8417965687500001 0.6448440546875001 0.8369950984375001 0.6587348921875
3 0.8780367640625 0.6101189078125 0.8741078437500001 0.6295653015625 0.8828382359375 0.627134503125 0.9029240203125 0.6198421046875 0.9003039218750001 0.63755165625 0.891571078125 0.652832359375 0.8793455874999999 0.6656803124999999 0.899867646875 0.6715828453125 0.9160220593749999 0.6674152046875 0.927375 0.6521364515625 0.9308676468750001 0.6326900578125 0.9326127453125 0.6229688109375 0.923443628125 0.61116179375 0.9164583328125 0.5972709546875 0.91907843125 0.588937621875 0.91907843125 0.5809512671875 0.9103455874999999 0.5719220265625 0.891571078125 0.56914425 0.8828382359375 0.5719220265625 0.8810931375 0.5872007796875 0.8854583328125001 0.5951871343749999 0.8867696078125 0.604216375 0.8780367640625 0.6101189078125
3 0.713867646875 0.7097797265625 0.7020808828125 0.7215867453125 0.709938725 0.73408771875 0.721727940625 0.72471345 0.7252205875 0.7358245609375 0.7186715687499999 0.7472846 0.713867646875 0.7608265109375 0.7313333328125 0.7670779734375001 0.7518553921875 0.7580487328125 0.7597132359375001 0.737561403125 0.753164215625 0.7163781671875 0.7618970593750001 0.7257543859375 0.7623333328124999 0.721239765625 0.7588406859375 0.7052670562500001 0.741811275 0.701793371875 0.7391911765625 0.6899883046874999 0.722600490625 0.682 0.7038259796874999 0.6840838203125 0.699897059375 0.6875575046875 0.707318628125 0.7024892781250001 0.713867646875 0.7097797265625
3 0.7566568625000001 0.7261013640625 0.7601495093749999 0.7351306046875 0.7767401953124999 0.7257543859375 0.775867646875 0.739296296875 0.7662622546875 0.7504093562499999 0.74967156875 0.766382065625 0.76495343125 0.7764522421875 0.7876568625 0.7677719296875 0.81123529375 0.7660350874999999 0.814727940625 0.7472846 0.8020661765625 0.7219337234375 0.8247696078125 0.7292261203125 0.833938725 0.714294346875 0.8400514703124999 0.6969317734375 0.82738970625 0.6955438593750001 0.8173455875 0.713600390625 0.81210784375 0.71151656875 0.8051225484375 0.6997095515625 0.8016274515624999 0.6868615984375 0.7894044124999999 0.6802651078124999 0.7741225484375 0.6833898640625 0.7627696078125 0.694847953125 0.7719387249999999 0.7059610140625 0.7706299015625 0.716725146875 0.7566568625000001 0.7261013640625
3 0.8195294125 0.7410331390625 0.8505294125 0.7201988296875 0.8417965687500001 0.733046784375 0.8391764703125 0.7458947375 0.82695343125 0.75665886875 0.8391764703125 0.766382065625 0.8631911765625 0.7733274859375 0.8810931375 0.7639512671875 0.8784730390625001 0.7445048734374999 0.8780367640625 0.7285321640625 0.88938970625 0.7233235875 0.908164215625 0.73408771875 0.9011764703124999 0.71776803125 0.8819656859375 0.7052670562500001 0.8771642156249999 0.7014463937500001 0.8789093140625001 0.6858206625000001 0.861007353125 0.6799161796875001 0.8483455875000001 0.6840838203125 0.853585784375 0.7028362578125 0.8474730390625 0.7118635484375 0.8391764703125 0.7129064328125 0.8195294125 0.7299220265625 0.8195294125 0.7410331390625
3 0.8976838234375 0.7292261203125 0.8972475484375 0.75284015625 0.9182058828124999 0.755617934375 0.9291200984374999 0.7278382062500001 0.9361053921875 0.7118635484375 0.9225710781249999 0.69519688125 0.915585784375 0.6788752437500001 0.892882353125 0.6788752437500001 0.8906985296875 0.7024892781250001 0.8858946078125 0.717421053125 0.90379656875 0.71533723125 0.8976838234375 0.7292261203125